acf: [0.8774999976158142, 0.919700026512146, 0.9179999828338623, 0.9261999726295471, 0.9186000227928162, 0.9204999804496765, 0.9277999997138977, 0.9312999844551086, 0.9244999885559082, 0.9301999807357788, 0.9277999997138977, 0.9327999949455261, 0.9258000254631042, 0.9261999726295471, 0.9333999752998352, 0.9369000196456909, 0.934499979019165, 0.9348000288009644, 0.9333000183105469, 0.9343000054359436, 0.9312000274658203, 0.9394000172615051, 0.9387999773025513, 0.9319000244140625, 0.9323999881744385, 0.9402999877929688, 0.9369999766349792, 0.9412000179290771, 0.9394999742507935, 0.9408000111579895, 0.9297999739646912, 0.9401000142097473, 0.944100022315979, 0.9409000277519226, 0.9333000183105469, 0.9452000260353088, 0.9386000037193298, 0.9422000050544739, 0.9387999773025513, 0.9380999803543091, 0.9435999989509583, 0.9286999702453613, 0.9315999746322632, 0.9447000026702881, 0.9383999705314636, 0.9373000264167786, 0.9412999749183655, 0.9380000233650208, 0.9430999755859375, 0.9332000017166138]
loss_val: [0.3554421365261078, 0.23767800629138947, 0.23919101059436798, 0.2220771312713623, 0.24855197966098785, 0.23966313898563385, 0.21419817209243774, 0.20896980166435242, 0.2212558090686798, 0.20832468569278717, 0.20799875259399414, 0.19920000433921814, 0.22128669917583466, 0.2239426225423813, 0.21175986528396606, 0.18975350260734558, 0.20300175249576569, 0.19047269225120544, 0.19473856687545776, 0.2062796652317047, 0.2110677808523178, 0.18483704328536987, 0.19248323142528534, 0.20367488265037537, 0.20915527641773224, 0.19128049910068512, 0.20054470002651215, 0.19318224489688873, 0.19061647355556488, 0.19283635914325714, 0.20773178339004517, 0.1895737200975418, 0.17694248259067535, 0.18830357491970062, 0.2081417739391327, 0.18119730055332184, 0.20331348478794098, 0.19329692423343658, 0.20727519690990448, 0.19554013013839722, 0.1855933517217636, 0.23123390972614288, 0.21692778170108795, 0.17843131721019745, 0.19325101375579834, 0.2038753777742386, 0.1852610558271408, 0.19819003343582153, 0.181135356426239, 0.2069791555404663]
