acf: [0.23569999635219574, 0.250900000333786, 0.28209999203681946, 0.2700999975204468, 0.27250000834465027, 0.2766999900341034, 0.2808000147342682, 0.29089999198913574, 0.29339998960494995, 0.289900004863739, 0.2827000021934509, 0.2743000090122223, 0.24729999899864197, 0.2759999930858612, 0.2888000011444092, 0.2928999960422516, 0.27709999680519104, 0.30079999566078186, 0.29910001158714294, 0.299699991941452, 0.30649998784065247, 0.29760000109672546, 0.29840001463890076, 0.27320000529289246, 0.2921000123023987, 0.2939000129699707, 0.30230000615119934, 0.30660000443458557, 0.28769999742507935, 0.30570000410079956, 0.289900004863739, 0.29170000553131104, 0.3077000081539154, 0.3077000081539154, 0.2946000099182129, 0.310699999332428, 0.3037000000476837, 0.29989999532699585, 0.3100000023841858, 0.2930000126361847, 0.3107999861240387, 0.29350000619888306, 0.3034999966621399, 0.30399999022483826, 0.27959999442100525, 0.2831000089645386, 0.26589998602867126, 0.29919999837875366, 0.2994999885559082, 0.2888000011444092]
loss_val: [2.014437437057495, 1.9809454679489136, 1.8957535028457642, 1.9320132732391357, 1.9158014059066772, 1.9109445810317993, 1.9006322622299194, 1.8971155881881714, 1.8557847738265991, 1.8602463006973267, 1.8758785724639893, 1.9002103805541992, 1.950863242149353, 1.8891412019729614, 1.8666077852249146, 1.8751685619354248, 1.8668016195297241, 1.8383115530014038, 1.8492844104766846, 1.8248177766799927, 1.8351130485534668, 1.8537410497665405, 1.8298113346099854, 1.8872629404067993, 1.8450413942337036, 1.8256921768188477, 1.8340861797332764, 1.83293616771698, 1.8656091690063477, 1.8347349166870117, 1.849482774734497, 1.8456541299819946, 1.8101011514663696, 1.8123929500579834, 1.8388744592666626, 1.8157955408096313, 1.8349229097366333, 1.8476418256759644, 1.8106151819229126, 1.8408273458480835, 1.8102359771728516, 1.858832836151123, 1.823258399963379, 1.8138127326965332, 1.8715949058532715, 1.8648128509521484, 1.8956164121627808, 1.8178246021270752, 1.8311015367507935, 1.8348881006240845]
