acf: [0.5310999751091003, 0.5400000214576721, 0.5530999898910522, 0.551800012588501, 0.5680999755859375, 0.5737000107765198, 0.5827999711036682, 0.5892000198364258, 0.5763000249862671, 0.5827000141143799, 0.5855000019073486, 0.5861999988555908, 0.5935999751091003, 0.5989999771118164, 0.5900999903678894, 0.5945000052452087, 0.5996000170707703, 0.5945000052452087, 0.5993000268936157, 0.5974000096321106, 0.5985999703407288, 0.5952000021934509, 0.5995000004768372, 0.6031000018119812, 0.5953999757766724, 0.6029999852180481, 0.5925999879837036, 0.5942000150680542, 0.5996000170707703, 0.5978000164031982, 0.5871000289916992, 0.5979999899864197, 0.5982000231742859, 0.5960999727249146, 0.6022999882698059, 0.5995000004768372, 0.5965999960899353, 0.5975000262260437, 0.5990999937057495, 0.5979999899864197, 0.5910999774932861, 0.5940999984741211, 0.597100019454956, 0.598800003528595, 0.6065000295639038, 0.6033999919891357, 0.6090999841690063, 0.6022999882698059, 0.6050000190734863, 0.5942999720573425]
loss_val: [1.320884346961975, 1.3169357776641846, 1.2677172422409058, 1.2921799421310425, 1.2455538511276245, 1.2292612791061401, 1.2203357219696045, 1.187005639076233, 1.2202513217926025, 1.210129737854004, 1.202608346939087, 1.1875648498535156, 1.1852189302444458, 1.1757853031158447, 1.194211483001709, 1.193172574043274, 1.2060487270355225, 1.1944785118103027, 1.1868048906326294, 1.2058308124542236, 1.1797126531600952, 1.2163500785827637, 1.1899187564849854, 1.193820595741272, 1.2202221155166626, 1.2009215354919434, 1.2382053136825562, 1.2399309873580933, 1.2717913389205933, 1.2188961505889893, 1.2718532085418701, 1.2174761295318604, 1.2127270698547363, 1.2714298963546753, 1.2424488067626953, 1.2410621643066406, 1.2698888778686523, 1.234437346458435, 1.2436124086380005, 1.2477830648422241, 1.2972049713134766, 1.2785742282867432, 1.2996934652328491, 1.2318636178970337, 1.2670667171478271, 1.225162148475647, 1.2254505157470703, 1.2712498903274536, 1.2476608753204346, 1.2614346742630005]
