acf: [0.8118000030517578, 0.8276000022888184, 0.8422999978065491, 0.8402000069618225, 0.8245999813079834, 0.8565999865531921, 0.8680999875068665, 0.8715000152587891, 0.8486999869346619, 0.8622000217437744, 0.8589000105857849, 0.8456000089645386, 0.8762000203132629, 0.8633999824523926, 0.8705999851226807, 0.8773000240325928, 0.8840000033378601, 0.8610000014305115, 0.838699996471405, 0.873199999332428, 0.8884000182151794, 0.876800000667572, 0.869700014591217, 0.8586000204086304, 0.8859999775886536, 0.8755999803543091, 0.8792999982833862, 0.8755000233650208, 0.8914999961853027, 0.8694000244140625, 0.881600022315979, 0.8726000189781189, 0.8813999891281128, 0.8687000274658203, 0.878000020980835, 0.890999972820282, 0.8920000195503235, 0.8708999752998352, 0.8752999901771545, 0.888700008392334, 0.8751000165939331, 0.880299985408783, 0.8888999819755554, 0.8946999907493591, 0.8881999850273132, 0.887499988079071, 0.8834999799728394, 0.8845999836921692, 0.8849999904632568, 0.8884999752044678]
loss_val: [0.5648444890975952, 0.5125046372413635, 0.4747740626335144, 0.4656125605106354, 0.5185160040855408, 0.4164896011352539, 0.3974267840385437, 0.38887321949005127, 0.4623435437679291, 0.4040141701698303, 0.4165123403072357, 0.45761826634407043, 0.36804836988449097, 0.41067174077033997, 0.38502469658851624, 0.3679291903972626, 0.3540451228618622, 0.4266352951526642, 0.4838793873786926, 0.38494595885276794, 0.33621302247047424, 0.37341946363449097, 0.40302059054374695, 0.4306105971336365, 0.35431793332099915, 0.388725608587265, 0.360198438167572, 0.36968109011650085, 0.3480478823184967, 0.3972718417644501, 0.36545330286026, 0.3846791386604309, 0.3664981424808502, 0.38931748270988464, 0.3720038831233978, 0.3337841033935547, 0.3313930630683899, 0.40395456552505493, 0.37425696849823, 0.34875109791755676, 0.385959267616272, 0.36843815445899963, 0.34427711367607117, 0.3329676389694214, 0.34137168526649475, 0.35965123772621155, 0.3715403079986572, 0.35805875062942505, 0.34669697284698486, 0.3558812141418457]
