acf: [0.536300003528595, 0.5491999983787537, 0.5638999938964844, 0.5572999715805054, 0.579800009727478, 0.550599992275238, 0.5774999856948853, 0.5914999842643738, 0.58160001039505, 0.5706999897956848, 0.5755000114440918, 0.578499972820282, 0.582099974155426, 0.5921000242233276, 0.5972999930381775, 0.5982999801635742, 0.5892999768257141, 0.5968000292778015, 0.6032000184059143, 0.5875999927520752, 0.5974000096321106, 0.5971999764442444, 0.5906000137329102, 0.593500018119812, 0.5878000259399414, 0.5979999899864197, 0.6003999710083008, 0.5842999815940857, 0.6050000190734863, 0.5927000045776367, 0.5914999842643738, 0.5916000008583069, 0.5954999923706055, 0.5911999940872192, 0.5936999917030334, 0.5968999862670898, 0.5961999893188477, 0.5860000252723694, 0.60589998960495, 0.5964000225067139, 0.6003999710083008, 0.5963000059127808, 0.5996999740600586, 0.589900016784668, 0.5916000008583069, 0.6014999747276306, 0.6025999784469604, 0.5999000072479248, 0.5997999906539917, 0.593999981880188]
loss_val: [1.331964135169983, 1.2714349031448364, 1.2472450733184814, 1.262155294418335, 1.2085816860198975, 1.2787925004959106, 1.2149244546890259, 1.1926164627075195, 1.213147759437561, 1.2422782182693481, 1.2353631258010864, 1.2212213277816772, 1.2261145114898682, 1.2077094316482544, 1.1952259540557861, 1.1918151378631592, 1.2197939157485962, 1.1943341493606567, 1.193395733833313, 1.2329862117767334, 1.1874996423721313, 1.2275981903076172, 1.2150624990463257, 1.2075419425964355, 1.2121827602386475, 1.2049640417099, 1.216737985610962, 1.2331581115722656, 1.2105352878570557, 1.2558647394180298, 1.2503803968429565, 1.2548866271972656, 1.1995818614959717, 1.2429043054580688, 1.2490581274032593, 1.2193021774291992, 1.2703200578689575, 1.2772135734558105, 1.231215000152588, 1.2340549230575562, 1.2764885425567627, 1.2726691961288452, 1.2443180084228516, 1.2745331525802612, 1.3259388208389282, 1.2480370998382568, 1.2541364431381226, 1.2244596481323242, 1.2926580905914307, 1.2583690881729126]
