acf: [0.5446000099182129, 0.5781000256538391, 0.5752999782562256, 0.5741999745368958, 0.6000999808311462, 0.5996999740600586, 0.6022999882698059, 0.6035000085830688, 0.6044999957084656, 0.6044999957084656, 0.6043999791145325, 0.6104000210762024, 0.6036999821662903, 0.6097999811172485, 0.6173999905586243, 0.607200026512146, 0.617900013923645, 0.6115999817848206, 0.614799976348877, 0.6057000160217285, 0.6222000122070312, 0.6166999936103821, 0.6097999811172485, 0.607699990272522, 0.6151999831199646, 0.6118000149726868, 0.6157000064849854, 0.6104999780654907, 0.6151000261306763, 0.6108999848365784, 0.6187000274658203, 0.6215000152587891, 0.6118999719619751, 0.6136000156402588, 0.6129999756813049, 0.6179999709129333, 0.6159999966621399, 0.6154000163078308, 0.6129999756813049, 0.6103000044822693, 0.6129999756813049, 0.6202999949455261, 0.6189000010490417, 0.6097999811172485, 0.6215000152587891, 0.6223000288009644, 0.6198999881744385, 0.6215999722480774, 0.6122999787330627, 0.6176000237464905]
loss_val: [1.2929699420928955, 1.2177034616470337, 1.2240773439407349, 1.2298376560211182, 1.1614309549331665, 1.170682668685913, 1.1612966060638428, 1.1548210382461548, 1.1557657718658447, 1.1722339391708374, 1.1864088773727417, 1.140726089477539, 1.16373872756958, 1.188491940498352, 1.1298285722732544, 1.1801645755767822, 1.150664210319519, 1.1747077703475952, 1.1768689155578613, 1.2250628471374512, 1.156358242034912, 1.1698923110961914, 1.2152161598205566, 1.219657301902771, 1.174980640411377, 1.2374321222305298, 1.216034173965454, 1.2291733026504517, 1.2259780168533325, 1.2615835666656494, 1.1955056190490723, 1.234007477760315, 1.2748215198516846, 1.2885133028030396, 1.2548447847366333, 1.2409610748291016, 1.2837891578674316, 1.2991615533828735, 1.2471956014633179, 1.3267654180526733, 1.3349764347076416, 1.2823245525360107, 1.302597999572754, 1.2720354795455933, 1.2518869638442993, 1.2918201684951782, 1.2907958030700684, 1.3148877620697021, 1.2935638427734375, 1.3302042484283447]
