acf: [0.8981999754905701, 0.9088000059127808, 0.929099977016449, 0.9085000157356262, 0.9200000166893005, 0.9072999954223633, 0.925599992275238, 0.9301000237464905, 0.930899977684021, 0.9312999844551086, 0.933899998664856, 0.9373999834060669, 0.9322999715805054, 0.9379000067710876, 0.9311000108718872, 0.9377999901771545, 0.9369000196456909, 0.9398999810218811, 0.933899998664856, 0.92330002784729, 0.940500020980835, 0.9269999861717224, 0.9300000071525574, 0.92330002784729, 0.9387999773025513, 0.935699999332428, 0.9239000082015991, 0.9381999969482422, 0.9301999807357788, 0.9289000034332275, 0.9325000047683716, 0.9361000061035156, 0.9214000105857849, 0.9401000142097473, 0.9391999840736389, 0.934499979019165, 0.9330000281333923, 0.9417999982833862, 0.9419000148773193, 0.9480000138282776, 0.9441999793052673, 0.942799985408783, 0.9308000206947327, 0.9406999945640564, 0.932699978351593, 0.9406999945640564, 0.9440000057220459, 0.9394999742507935, 0.9373999834060669, 0.9358999729156494]
loss_val: [0.29479455947875977, 0.273322194814682, 0.21199333667755127, 0.28519824147224426, 0.23696474730968475, 0.28586283326148987, 0.23064999282360077, 0.2011927217245102, 0.2006043940782547, 0.20645475387573242, 0.20472238957881927, 0.19352158904075623, 0.19867540895938873, 0.1915465146303177, 0.2048199474811554, 0.18743424117565155, 0.18538042902946472, 0.18422970175743103, 0.20491383969783783, 0.23078083992004395, 0.178486168384552, 0.22714616358280182, 0.21320517361164093, 0.24391499161720276, 0.20232225954532623, 0.20325995981693268, 0.23700150847434998, 0.19867047667503357, 0.21258285641670227, 0.22232939302921295, 0.20334668457508087, 0.19535741209983826, 0.24221745133399963, 0.18417856097221375, 0.19039922952651978, 0.20682524144649506, 0.20827616751194, 0.18609704077243805, 0.18000154197216034, 0.16111919283866882, 0.17924554646015167, 0.1928902417421341, 0.21834371984004974, 0.18064939975738525, 0.22544141113758087, 0.19095760583877563, 0.17953157424926758, 0.20452484488487244, 0.20850057899951935, 0.21666038036346436]
