acf: [0.7874000072479248, 0.8328999876976013, 0.8346999883651733, 0.8422999978065491, 0.8457000255584717, 0.8555999994277954, 0.8668000102043152, 0.8672000169754028, 0.8575000166893005, 0.8531000018119812, 0.8705999851226807, 0.8851000070571899, 0.8820000290870667, 0.8708999752998352, 0.8769000172615051, 0.8499000072479248, 0.8694000244140625, 0.8822000026702881, 0.8590999841690063, 0.8707000017166138, 0.8755000233650208, 0.84579998254776, 0.8812000155448914, 0.8824999928474426, 0.8863999843597412, 0.8712999820709229, 0.878000020980835, 0.8798999786376953, 0.8847000002861023, 0.8406000137329102, 0.8845000267028809, 0.8812000155448914, 0.8866000175476074, 0.8758999705314636, 0.8852999806404114, 0.8827000260353088, 0.8855000138282776, 0.8835999965667725, 0.8790000081062317, 0.8666999936103821, 0.8748000264167786, 0.8834999799728394, 0.891700029373169, 0.8877999782562256, 0.8718000054359436, 0.8964999914169312, 0.8747000098228455, 0.8841999769210815, 0.8791000247001648, 0.8849999904632568]
loss_val: [0.6347627639770508, 0.5075153708457947, 0.4879416525363922, 0.4713309705257416, 0.4592483937740326, 0.43427562713623047, 0.39503994584083557, 0.3887583613395691, 0.4247334897518158, 0.43349921703338623, 0.3867183327674866, 0.3386514484882355, 0.3578908145427704, 0.3868696391582489, 0.3679087460041046, 0.4434249997138977, 0.3994137942790985, 0.35421058535575867, 0.43137887120246887, 0.3929993808269501, 0.3701057732105255, 0.467284619808197, 0.36398398876190186, 0.36573633551597595, 0.33933308720588684, 0.39190176129341125, 0.36808106303215027, 0.36333295702934265, 0.3536921441555023, 0.47921261191368103, 0.3497374951839447, 0.3589760363101959, 0.35429370403289795, 0.38247349858283997, 0.3400775194168091, 0.3533574342727661, 0.33891037106513977, 0.36141592264175415, 0.3544788658618927, 0.40459540486335754, 0.3806949257850647, 0.34970584511756897, 0.3309822976589203, 0.3365350365638733, 0.3933548927307129, 0.315877765417099, 0.38006946444511414, 0.36776435375213623, 0.3595001995563507, 0.3602181673049927]
