acf: [0.21809999644756317, 0.2312999963760376, 0.2842000126838684, 0.2791999876499176, 0.2858999967575073, 0.26829999685287476, 0.28540000319480896, 0.2996000051498413, 0.26989999413490295, 0.2838999927043915, 0.27059999108314514, 0.28439998626708984, 0.2953000068664551, 0.28769999742507935, 0.29490000009536743, 0.2937999963760376, 0.2930999994277954, 0.2994000017642975, 0.28110000491142273, 0.262800008058548, 0.2728999853134155, 0.2743000090122223, 0.2946999967098236, 0.3075999915599823, 0.29739999771118164, 0.3050999939441681, 0.302700012922287, 0.28450000286102295, 0.29010000824928284, 0.2939999997615814, 0.30239999294281006, 0.29429998993873596, 0.27079999446868896, 0.29809999465942383, 0.3091000020503998, 0.3003999888896942, 0.29750001430511475, 0.3070000112056732, 0.29109999537467957, 0.3131999969482422, 0.3118000030517578, 0.29429998993873596, 0.2921000123023987, 0.3066999912261963, 0.31119999289512634, 0.28220000863075256, 0.2851000130176544, 0.3068999946117401, 0.29510000348091125, 0.28040000796318054]
loss_val: [2.061192274093628, 2.027963638305664, 1.9199638366699219, 1.909886360168457, 1.8976540565490723, 1.9122084379196167, 1.8916388750076294, 1.8633978366851807, 1.9288969039916992, 1.8596479892730713, 1.9115149974822998, 1.8621816635131836, 1.8535115718841553, 1.8545546531677246, 1.858412265777588, 1.855796456336975, 1.8623368740081787, 1.8417565822601318, 1.891765832901001, 1.9387562274932861, 1.8908863067626953, 1.87060546875, 1.8516513109207153, 1.8214234113693237, 1.8394992351531982, 1.8325207233428955, 1.8366466760635376, 1.880698800086975, 1.850751519203186, 1.8669685125350952, 1.8205199241638184, 1.8457417488098145, 1.8888386487960815, 1.823316216468811, 1.8140660524368286, 1.8307420015335083, 1.8334556818008423, 1.8308215141296387, 1.8653843402862549, 1.8068418502807617, 1.8042681217193604, 1.8572001457214355, 1.8723148107528687, 1.8233128786087036, 1.8120454549789429, 1.859004259109497, 1.8521649837493896, 1.8183480501174927, 1.8390812873840332, 1.870948076248169]
