acf: [0.5329999923706055, 0.555400013923645, 0.5626999735832214, 0.5734999775886536, 0.5666999816894531, 0.5752000212669373, 0.5870000123977661, 0.5819000005722046, 0.5842000246047974, 0.5976999998092651, 0.5863000154495239, 0.5834000110626221, 0.5911999940872192, 0.6008999943733215, 0.5992000102996826, 0.5863999724388123, 0.5950999855995178, 0.6007000207901001, 0.6001999974250793, 0.597000002861023, 0.6032999753952026, 0.6014000177383423, 0.5910999774932861, 0.5982999801635742, 0.5957000255584717, 0.5974000096321106, 0.597000002861023, 0.5993000268936157, 0.5985000133514404, 0.6025000214576721, 0.6057000160217285, 0.5965999960899353, 0.5997999906539917, 0.6014000177383423, 0.6092000007629395, 0.6028000116348267, 0.5989000201225281, 0.6098999977111816, 0.6013000011444092, 0.5985999703407288, 0.6075999736785889, 0.6107000112533569, 0.6075999736785889, 0.5990999937057495, 0.6072999835014343, 0.5965999960899353, 0.6017000079154968, 0.6054999828338623, 0.5965999960899353, 0.5990999937057495]
loss_val: [1.3220200538635254, 1.264371395111084, 1.2475310564041138, 1.2278848886489868, 1.2322795391082764, 1.2197067737579346, 1.18445885181427, 1.2001415491104126, 1.1966533660888672, 1.1819959878921509, 1.205606460571289, 1.2329089641571045, 1.2099605798721313, 1.1738641262054443, 1.174441933631897, 1.2214430570602417, 1.2018284797668457, 1.1825531721115112, 1.179579496383667, 1.2159924507141113, 1.1811984777450562, 1.2066134214401245, 1.225072979927063, 1.2250735759735107, 1.1938549280166626, 1.2185261249542236, 1.1946474313735962, 1.2440463304519653, 1.2044591903686523, 1.2456133365631104, 1.2051621675491333, 1.2162035703659058, 1.215235710144043, 1.2509406805038452, 1.2085462808609009, 1.235522985458374, 1.2477869987487793, 1.2046263217926025, 1.2287400960922241, 1.2120518684387207, 1.2225061655044556, 1.223483681678772, 1.2429957389831543, 1.2350131273269653, 1.2194548845291138, 1.2649271488189697, 1.242636799812317, 1.2341140508651733, 1.2716078758239746, 1.2600083351135254]
