acf: [0.8841000199317932, 0.9053000211715698, 0.9315999746322632, 0.900600016117096, 0.925000011920929, 0.932699978351593, 0.9290000200271606, 0.9291999936103821, 0.9293000102043152, 0.9240999817848206, 0.9365000128746033, 0.9294999837875366, 0.9409999847412109, 0.9175000190734863, 0.9307000041007996, 0.933899998664856, 0.9211999773979187, 0.9347000122070312, 0.9368000030517578, 0.9296000003814697, 0.9376999735832214, 0.9362000226974487, 0.9323999881744385, 0.941100001335144, 0.9369000196456909, 0.9343000054359436, 0.9257000088691711, 0.9434000253677368, 0.932699978351593, 0.9391999840736389, 0.9383000135421753, 0.9426000118255615, 0.9455000162124634, 0.9366999864578247, 0.9384999871253967, 0.939300000667572, 0.9398999810218811, 0.9451000094413757, 0.9448000192642212, 0.9362999796867371, 0.9445000290870667, 0.9363999962806702, 0.9437999725341797, 0.9440000057220459, 0.9419999718666077, 0.932699978351593, 0.9373999834060669, 0.9380000233650208, 0.9459999799728394, 0.9430999755859375]
loss_val: [0.33970779180526733, 0.28478479385375977, 0.21108828485012054, 0.29625993967056274, 0.21274426579475403, 0.1978457123041153, 0.2117004096508026, 0.2076459527015686, 0.2090637981891632, 0.22897827625274658, 0.19110405445098877, 0.21118459105491638, 0.18105630576610565, 0.24348920583724976, 0.2087906301021576, 0.19815751910209656, 0.24076151847839355, 0.20215262472629547, 0.19279837608337402, 0.22597412765026093, 0.18837691843509674, 0.19938819110393524, 0.20597143471240997, 0.19146856665611267, 0.19207753241062164, 0.20085130631923676, 0.23021425306797028, 0.18102246522903442, 0.21415622532367706, 0.18052172660827637, 0.18595832586288452, 0.18209955096244812, 0.173194020986557, 0.19869382679462433, 0.18974553048610687, 0.18262813985347748, 0.17562371492385864, 0.17120881378650665, 0.17078915238380432, 0.19467422366142273, 0.17306800186634064, 0.19952231645584106, 0.19561026990413666, 0.17425139248371124, 0.1769982874393463, 0.2112385481595993, 0.19607800245285034, 0.1852172166109085, 0.16701963543891907, 0.17740517854690552]
