acf: [0.26179999113082886, 0.28519999980926514, 0.298799991607666, 0.27889999747276306, 0.3221000134944916, 0.30469998717308044, 0.3310000002384186, 0.32089999318122864, 0.3012999892234802, 0.31290000677108765, 0.3346000015735626, 0.3467000126838684, 0.3260999917984009, 0.3513999879360199, 0.3400000035762787, 0.3481999933719635, 0.2786000072956085, 0.3506999909877777, 0.33410000801086426, 0.3425000011920929, 0.3409000039100647, 0.34950000047683716, 0.33379998803138733, 0.3305000066757202, 0.326200008392334, 0.34599998593330383, 0.3546000123023987, 0.3034999966621399, 0.3224000036716461, 0.3569999933242798, 0.3411000072956085, 0.3513000011444092, 0.357699990272522, 0.33059999346733093, 0.3612000048160553, 0.3596999943256378, 0.3587999939918518, 0.3580000102519989, 0.33899998664855957, 0.35339999198913574, 0.3352999985218048, 0.3560999929904938, 0.3515999913215637, 0.3531999886035919, 0.3601999878883362, 0.3458000123500824, 0.33640000224113464, 0.36079999804496765, 0.350600004196167, 0.3474000096321106]
loss_val: [1.9546167850494385, 1.8996119499206543, 1.8876304626464844, 1.9274100065231323, 1.8315058946609497, 1.8804138898849487, 1.810083031654358, 1.843750238418579, 1.85647714138031, 1.8322913646697998, 1.7976068258285522, 1.78043532371521, 1.8138186931610107, 1.759761929512024, 1.8019615411758423, 1.7785522937774658, 1.9405564069747925, 1.7578455209732056, 1.788628339767456, 1.7855994701385498, 1.7758363485336304, 1.7618111371994019, 1.7912697792053223, 1.7896523475646973, 1.8111730813980103, 1.7490582466125488, 1.7526839971542358, 1.8381025791168213, 1.81082284450531, 1.7344943284988403, 1.7817351818084717, 1.762022614479065, 1.7347846031188965, 1.7906378507614136, 1.7275601625442505, 1.7447965145111084, 1.737305998802185, 1.7320046424865723, 1.7863659858703613, 1.7512246370315552, 1.7849292755126953, 1.7311491966247559, 1.747080683708191, 1.7401056289672852, 1.7301334142684937, 1.7581228017807007, 1.7671681642532349, 1.7270175218582153, 1.752139687538147, 1.7453742027282715]
