acf: [0.5404000282287598, 0.5662999749183655, 0.5789999961853027, 0.5870000123977661, 0.5830000042915344, 0.5885000228881836, 0.6026999950408936, 0.5956000089645386, 0.5982999801635742, 0.5936999917030334, 0.6008999943733215, 0.6098999977111816, 0.6007999777793884, 0.6061999797821045, 0.609000027179718, 0.6049000024795532, 0.6078000068664551, 0.6122000217437744, 0.6098999977111816, 0.6132000088691711, 0.60589998960495, 0.6144000291824341, 0.6134999990463257, 0.6140999794006348, 0.6071000099182129, 0.6154999732971191, 0.6168000102043152, 0.6141999959945679, 0.6085000038146973, 0.6176000237464905, 0.6140999794006348, 0.6180999875068665, 0.6194000244140625, 0.6208000183105469, 0.6105999946594238, 0.6115999817848206, 0.6208999752998352, 0.6234999895095825, 0.6226999759674072, 0.620199978351593, 0.6230999827384949, 0.6169000267982483, 0.6162999868392944, 0.612500011920929, 0.6168000102043152, 0.6212000250816345, 0.6137999892234802, 0.6180999875068665, 0.6090999841690063, 0.6086000204086304]
loss_val: [1.3392698764801025, 1.2465736865997314, 1.2046312093734741, 1.1852459907531738, 1.1932989358901978, 1.1837894916534424, 1.1493867635726929, 1.1709445714950562, 1.1803665161132812, 1.1887298822402954, 1.1528663635253906, 1.1517328023910522, 1.1872161626815796, 1.1821309328079224, 1.1754491329193115, 1.1742340326309204, 1.1703547239303589, 1.15167236328125, 1.1863634586334229, 1.158142328262329, 1.2356407642364502, 1.1844035387039185, 1.1895147562026978, 1.2033562660217285, 1.2363845109939575, 1.187936544418335, 1.2261102199554443, 1.227793574333191, 1.2774561643600464, 1.2192888259887695, 1.2573076486587524, 1.2078574895858765, 1.2485498189926147, 1.2904728651046753, 1.216998815536499, 1.2637569904327393, 1.2867478132247925, 1.2288475036621094, 1.2432188987731934, 1.2506523132324219, 1.2969921827316284, 1.3107893466949463, 1.2683541774749756, 1.3360216617584229, 1.3019824028015137, 1.273321509361267, 1.3280588388442993, 1.2788164615631104, 1.3454351425170898, 1.353866457939148]
