acf: [0.902999997138977, 0.909600019454956, 0.9035000205039978, 0.9211000204086304, 0.9160000085830688, 0.929099977016449, 0.9309999942779541, 0.932200014591217, 0.9225000143051147, 0.9305999875068665, 0.929099977016449, 0.9355999827384949, 0.9243000149726868, 0.9319999814033508, 0.932699978351593, 0.9398000240325928, 0.9325000047683716, 0.9271000027656555, 0.9301000237464905, 0.9332000017166138, 0.9284999966621399, 0.9369000196456909, 0.9341999888420105, 0.9369000196456909, 0.9390000104904175, 0.9444000124931335, 0.9380000233650208, 0.9222999811172485, 0.9398999810218811, 0.9416999816894531, 0.9247000217437744, 0.9401999711990356, 0.9291999936103821, 0.9398000240325928, 0.941100001335144, 0.932699978351593, 0.9305999875068665, 0.9358999729156494, 0.9348999857902527, 0.9478999972343445, 0.9401000142097473, 0.9412999749183655, 0.9372000098228455, 0.9309999942779541, 0.9351000189781189, 0.9424999952316284, 0.9377999901771545, 0.9387000203132629, 0.9326000213623047, 0.9289000034332275]
loss_val: [0.29755279421806335, 0.2797943949699402, 0.2940257489681244, 0.2469218224287033, 0.257151335477829, 0.2112535685300827, 0.2207726091146469, 0.21664121747016907, 0.23925341665744781, 0.21209383010864258, 0.20939350128173828, 0.1984848827123642, 0.23852336406707764, 0.21655380725860596, 0.21214473247528076, 0.19304293394088745, 0.21398217976093292, 0.23836638033390045, 0.21430827677249908, 0.1994762122631073, 0.2206767052412033, 0.21247661113739014, 0.2017236351966858, 0.1994074285030365, 0.20167160034179688, 0.1782626211643219, 0.20663198828697205, 0.25451159477233887, 0.19292396306991577, 0.1939716637134552, 0.23011396825313568, 0.18608476221561432, 0.2312212884426117, 0.19395160675048828, 0.18718905746936798, 0.2172292172908783, 0.2223474383354187, 0.20225165784358978, 0.2068570852279663, 0.177887424826622, 0.2024858146905899, 0.19250674545764923, 0.21045802533626556, 0.21970607340335846, 0.2027885913848877, 0.18611685931682587, 0.19951605796813965, 0.19633959233760834, 0.22791782021522522, 0.2234436720609665]
