acf: [0.9071999788284302, 0.9114999771118164, 0.9032999873161316, 0.9222999811172485, 0.920199990272522, 0.9258000254631042, 0.9286999702453613, 0.9348999857902527, 0.9194999933242798, 0.9327999949455261, 0.927299976348877, 0.9320999979972839, 0.930400013923645, 0.9258999824523926, 0.9373000264167786, 0.9390000104904175, 0.9218000173568726, 0.9348999857902527, 0.9326000213623047, 0.9365000128746033, 0.9355999827384949, 0.942300021648407, 0.9223999977111816, 0.9301999807357788, 0.9358999729156494, 0.9380999803543091, 0.9363999962806702, 0.9340000152587891, 0.9405999779701233, 0.928600013256073, 0.9347000122070312, 0.9434999823570251, 0.9361000061035156, 0.929099977016449, 0.9455000162124634, 0.9369999766349792, 0.9416999816894531, 0.9358999729156494, 0.9384999871253967, 0.9412000179290771, 0.9361000061035156, 0.9377999901771545, 0.9401999711990356, 0.9376999735832214, 0.9369999766349792, 0.9447000026702881, 0.932699978351593, 0.9325000047683716, 0.9409999847412109, 0.9368000030517578]
loss_val: [0.29380500316619873, 0.2670406103134155, 0.2896629273891449, 0.24057531356811523, 0.2443547397851944, 0.23165996372699738, 0.21590475738048553, 0.19879889488220215, 0.25470462441444397, 0.2017490416765213, 0.22243402898311615, 0.20784546434879303, 0.22074145078659058, 0.21896779537200928, 0.2110876739025116, 0.19568412005901337, 0.24231672286987305, 0.20718353986740112, 0.21105021238327026, 0.20333097875118256, 0.20110219717025757, 0.1813090443611145, 0.24571771919727325, 0.21573801338672638, 0.21270446479320526, 0.1989191770553589, 0.19975979626178741, 0.20780332386493683, 0.19653202593326569, 0.22470395267009735, 0.20509503781795502, 0.18015249073505402, 0.198526531457901, 0.22404055297374725, 0.1793128401041031, 0.21292966604232788, 0.1809363216161728, 0.19643735885620117, 0.19156786799430847, 0.19399239122867584, 0.20344310998916626, 0.20725639164447784, 0.18712346255779266, 0.22170546650886536, 0.19389191269874573, 0.18236953020095825, 0.20977424085140228, 0.2232055366039276, 0.18487662076950073, 0.20578768849372864]
