acf: [0.9050999879837036, 0.9063000082969666, 0.9243999719619751, 0.9160000085830688, 0.9200000166893005, 0.9092000126838684, 0.9154000282287598, 0.9262999892234802, 0.9318000078201294, 0.9351999759674072, 0.932699978351593, 0.935699999332428, 0.9355000257492065, 0.9376999735832214, 0.9269000291824341, 0.9322999715805054, 0.9340999722480774, 0.9380999803543091, 0.9381999969482422, 0.9413999915122986, 0.928600013256073, 0.9284999966621399, 0.9387999773025513, 0.9399999976158142, 0.9350000023841858, 0.9426000118255615, 0.9329000115394592, 0.9372000098228455, 0.9365000128746033, 0.9283000230789185, 0.9402999877929688, 0.9230999946594238, 0.9350000023841858, 0.9449999928474426, 0.9383999705314636, 0.9361000061035156, 0.9465000033378601, 0.9384999871253967, 0.9405999779701233, 0.9297999739646912, 0.9320999979972839, 0.9361000061035156, 0.9394000172615051, 0.9465000033378601, 0.9394000172615051, 0.9373000264167786, 0.9404000043869019, 0.9362000226974487, 0.9416000247001648, 0.9337000250816345]
loss_val: [0.286070853471756, 0.27409467101097107, 0.21820610761642456, 0.25749391317367554, 0.2493027150630951, 0.2782188951969147, 0.261601060628891, 0.21842080354690552, 0.21074138581752777, 0.2010468691587448, 0.20252381265163422, 0.19648104906082153, 0.19712652266025543, 0.19512741267681122, 0.23281653225421906, 0.21471911668777466, 0.20981252193450928, 0.2034633755683899, 0.1882535219192505, 0.18343520164489746, 0.21240869164466858, 0.21805830299854279, 0.19065502285957336, 0.18379981815814972, 0.19646456837654114, 0.17854975163936615, 0.2091137170791626, 0.19994357228279114, 0.21129292249679565, 0.2173273265361786, 0.1910492479801178, 0.22623901069164276, 0.2058655321598053, 0.17096497118473053, 0.18888312578201294, 0.1929985135793686, 0.1733333319425583, 0.190193310379982, 0.18229641020298004, 0.2176172435283661, 0.2073122262954712, 0.20072044432163239, 0.18287837505340576, 0.16889150440692902, 0.18885666131973267, 0.2049688994884491, 0.17795850336551666, 0.19617649912834167, 0.188304603099823, 0.19876635074615479]
