acf: [0.5587000250816345, 0.5727999806404114, 0.580299973487854, 0.5776000022888184, 0.5928000211715698, 0.598800003528595, 0.5981000065803528, 0.6072999835014343, 0.5979999899864197, 0.5983999967575073, 0.608299970626831, 0.6026999950408936, 0.607200026512146, 0.6047000288963318, 0.6122999787330627, 0.6147000193595886, 0.6169000267982483, 0.6212000250816345, 0.6051999926567078, 0.6155999898910522, 0.6164000034332275, 0.6157000064849854, 0.6075999736785889, 0.6129000186920166, 0.6151000261306763, 0.6126000285148621, 0.6140000224113464, 0.6171000003814697, 0.6194000244140625, 0.6166999936103821, 0.6159999966621399, 0.6140999794006348, 0.6129999756813049, 0.6168000102043152, 0.6144000291824341, 0.6152999997138977, 0.6132000088691711, 0.616599977016449, 0.6223000288009644, 0.6122000217437744, 0.6115999817848206, 0.616599977016449, 0.6126999855041504, 0.6165000200271606, 0.6184999942779541, 0.6097000241279602, 0.6090999841690063, 0.6162999868392944, 0.6151000261306763, 0.6147000193595886]
loss_val: [1.2741022109985352, 1.2306865453720093, 1.2064048051834106, 1.2155262231826782, 1.1850006580352783, 1.1541337966918945, 1.168776035308838, 1.1435952186584473, 1.1756885051727295, 1.183774471282959, 1.173766851425171, 1.178012490272522, 1.1571966409683228, 1.1601392030715942, 1.1615103483200073, 1.1568660736083984, 1.1820727586746216, 1.1578471660614014, 1.204061508178711, 1.1581369638442993, 1.1679928302764893, 1.1908069849014282, 1.2270344495773315, 1.2353745698928833, 1.2134140729904175, 1.2450493574142456, 1.2307870388031006, 1.1812385320663452, 1.202055811882019, 1.2270588874816895, 1.221183180809021, 1.242506742477417, 1.2398271560668945, 1.2640376091003418, 1.2614502906799316, 1.2338565587997437, 1.2962634563446045, 1.2770881652832031, 1.2036303281784058, 1.2705118656158447, 1.2746446132659912, 1.301105260848999, 1.274776577949524, 1.2951202392578125, 1.2938263416290283, 1.2843891382217407, 1.343430757522583, 1.2937694787979126, 1.3213081359863281, 1.3316861391067505]
