acf: [0.8041999936103821, 0.8421000242233276, 0.8557999730110168, 0.8284000158309937, 0.8543000221252441, 0.8515999913215637, 0.8555999994277954, 0.8586999773979187, 0.857200026512146, 0.8734999895095825, 0.863099992275238, 0.8575000166893005, 0.8518999814987183, 0.8579000234603882, 0.8805999755859375, 0.8816999793052673, 0.8644000291824341, 0.8805000185966492, 0.847599983215332, 0.8634999990463257, 0.8651999831199646, 0.8762000203132629, 0.8817999958992004, 0.8763999938964844, 0.878000020980835, 0.8761000037193298, 0.883899986743927, 0.8847000002861023, 0.8633000254631042, 0.8841999769210815, 0.8794000148773193, 0.8751000165939331, 0.8668000102043152, 0.8917999863624573, 0.8733999729156494, 0.8766000270843506, 0.8942000269889832, 0.8907999992370605, 0.8798999786376953, 0.8640000224113464, 0.8802000284194946, 0.8787999749183655, 0.8921999931335449, 0.8722000122070312, 0.8716999888420105, 0.8824999928474426, 0.8873000144958496, 0.8870999813079834, 0.8723999857902527, 0.8726999759674072]
loss_val: [0.5872613787651062, 0.46553656458854675, 0.4456497132778168, 0.5259509086608887, 0.4316428303718567, 0.4465945363044739, 0.433247447013855, 0.41758960485458374, 0.41234058141708374, 0.3739405572414398, 0.40364769101142883, 0.4248974025249481, 0.43915438652038574, 0.42504453659057617, 0.3514023423194885, 0.3592089116573334, 0.4080776274204254, 0.3653891384601593, 0.48201534152030945, 0.4061727523803711, 0.4125278890132904, 0.3732869327068329, 0.3538357615470886, 0.37844419479370117, 0.3710647225379944, 0.37804973125457764, 0.35473740100860596, 0.3441677689552307, 0.42570415139198303, 0.34901583194732666, 0.36834436655044556, 0.37649768590927124, 0.3967077136039734, 0.3466127812862396, 0.38423603773117065, 0.380955308675766, 0.3401933014392853, 0.3409322202205658, 0.35483965277671814, 0.4140988886356354, 0.3716362416744232, 0.3811793923377991, 0.3397121727466583, 0.39518874883651733, 0.38918426632881165, 0.36671242117881775, 0.34559041261672974, 0.3411593735218048, 0.3878389298915863, 0.39506131410598755]
